61776
60414
176174
70325
60379
79255
171458
172069
172072
118678
118663
118658
170855
170870
170912
170928
170932
170941
170944
170953
170954
170955
170956
168483
168505
168399
168888
168435
168451
168436
168473
168391
168442
170624
181791
174578
27506
27489
27486
27556
30843
30639
190514
30874
30929
31461
25854
30663
190549
32080
193372
193308
193328
193296
193271
193358
193266
193315
193319
193316
193320
193360
193267
193281
193298
193301
193313
193318
193364
193333
193321
193322
193365
193277
193345
193282
193307
193346
193302
193265
193323
193347
193283
193306
193312
193314
193317
193268
193287
193343
193344
193334
193294
193303
193325
193361
193326
193299
193327
193288
193295
193335
193355
193309
193348
193354
193362
193269
193284
193336
193349
193350
193337
193351
193356
193270
193310
193291
193338
193329
193292
193339
193357
193340
193352
193330
193366
193272
193353
193273
193278
193285
193289
193367
193275
193280
193341
193324
193331
193342
193368
193363
193369
193332
193297
197341
193370
193276
193371
193286
193290
193293
193300
193304
59841
60495
60504
60513
60752
85256
77423
126822
73119
168929
77239
194430
194406
197694
194411
194421
197692
197693
197691
197695
194432
194423
194437
194434
194424
194428
194427
194433
194425
194429
59439
60375
70424
194450
5828
170807
194493
75490
170806
170810
194494
170812
194441
170809
194444
170808
75100
170813
74873
27552
194452
194454
194459
194468
194473
194477
170817
170818
194481
194482
194483
194484
170824
194485
194486
19725
170819
170825
194487
171120
170839
194488
194489
194490
194491
194492
170834
74875
171121
170832
170843
86630
170845
170853
170852
74967
170779
71741
172482
194438
172475
170777
170786
170785
171122
194439
170773
194440
172497
77332
194442
194443
170770
170795
170788
88135
194445
77600
79976
171146
170864
194446
75509
170869
74891
170873
170872
194447
170877
75510
171147
75513
170879
88140
60017
194448
170880
194449
171149
170893
170897
74907
170906
194451
170885
170886
194453
170898
171148
170895
170896
194455
194456
194457
75552
194458
194460
170915
171154
194461
171156
194462
194463
194464
170921
74982
194465
75553
194466
194467
171163
194469
171164
194470
194471
73779
170931
74985
194472
171198
170937
75555
194474
194475
194476
171170
88149
194478
194479
170957
170958
194480
84509
195832
195833
195834
195835
195836
81645
195837
195838
196316
195839
195840
195841
195842
195843
195844
195845
195846
195847
195848
195849
195850
195851
195852
157558
197332
171616
197330
152794
84092
152734
84103
84111
84118
167941
171615
84104
171621
152770
152785
171640
171641
171611
84083
152738
84093
171614
152753
152760
171617
152771
171622
152758
171633
171636
102181
171618
168166
152772
171629
171634
171637
171642
171610
96773
102158
171623
171627
171630
171638
84115
84123
84148
96851
171620
171635
102152
197329
171619
61668
171628
171632
171639
197331
171612
58829
171613
172987
194435
194420
194407
194409
174591
194408
194422
81252
194426
194436
194412
194414
194415
194413
194418
194416
194419
194410
174249
194417